# amplicon position	effect
1	1.400000000000000000e+01
2	0.000000000000000000e+00
3	0.000000000000000000e+00
4	0.000000000000000000e+00
5	0.000000000000000000e+00
6	0.000000000000000000e+00
7	0.000000000000000000e+00
8	0.000000000000000000e+00
9	0.000000000000000000e+00
10	0.000000000000000000e+00
11	0.000000000000000000e+00
12	0.000000000000000000e+00
13	0.000000000000000000e+00
14	0.000000000000000000e+00
15	0.000000000000000000e+00
16	1.000000000000000000e+00
17	1.000000000000000000e+00
18	0.000000000000000000e+00
19	0.000000000000000000e+00
20	0.000000000000000000e+00
21	0.000000000000000000e+00
22	0.000000000000000000e+00
23	0.000000000000000000e+00
24	0.000000000000000000e+00
25	0.000000000000000000e+00
26	0.000000000000000000e+00
27	0.000000000000000000e+00
28	0.000000000000000000e+00
29	0.000000000000000000e+00
30	0.000000000000000000e+00
31	0.000000000000000000e+00
32	0.000000000000000000e+00
33	0.000000000000000000e+00
34	0.000000000000000000e+00
35	0.000000000000000000e+00
36	0.000000000000000000e+00
37	0.000000000000000000e+00
38	0.000000000000000000e+00
39	0.000000000000000000e+00
40	0.000000000000000000e+00
41	0.000000000000000000e+00
42	0.000000000000000000e+00
43	0.000000000000000000e+00
44	0.000000000000000000e+00
45	0.000000000000000000e+00
46	0.000000000000000000e+00
47	0.000000000000000000e+00
48	0.000000000000000000e+00
49	0.000000000000000000e+00
50	0.000000000000000000e+00
51	0.000000000000000000e+00
52	0.000000000000000000e+00
53	0.000000000000000000e+00
54	0.000000000000000000e+00
55	0.000000000000000000e+00
56	0.000000000000000000e+00
57	0.000000000000000000e+00
58	0.000000000000000000e+00
59	1.000000000000000000e+00
60	1.000000000000000000e+00
61	0.000000000000000000e+00
62	0.000000000000000000e+00
63	0.000000000000000000e+00
64	0.000000000000000000e+00
65	0.000000000000000000e+00
66	0.000000000000000000e+00
67	0.000000000000000000e+00
68	0.000000000000000000e+00
69	0.000000000000000000e+00
70	0.000000000000000000e+00
71	0.000000000000000000e+00
72	0.000000000000000000e+00
73	0.000000000000000000e+00
74	0.000000000000000000e+00
75	0.000000000000000000e+00
76	0.000000000000000000e+00
77	0.000000000000000000e+00
78	0.000000000000000000e+00
79	0.000000000000000000e+00
80	0.000000000000000000e+00
81	0.000000000000000000e+00
82	0.000000000000000000e+00
83	0.000000000000000000e+00
84	0.000000000000000000e+00
85	0.000000000000000000e+00
86	0.000000000000000000e+00
87	0.000000000000000000e+00
88	0.000000000000000000e+00
89	0.000000000000000000e+00
90	0.000000000000000000e+00
91	0.000000000000000000e+00
92	0.000000000000000000e+00
93	0.000000000000000000e+00
94	0.000000000000000000e+00
95	0.000000000000000000e+00
96	0.000000000000000000e+00
97	0.000000000000000000e+00
98	0.000000000000000000e+00
99	0.000000000000000000e+00
100	0.000000000000000000e+00
101	0.000000000000000000e+00
102	0.000000000000000000e+00
103	0.000000000000000000e+00
104	0.000000000000000000e+00
105	0.000000000000000000e+00
106	2.000000000000000000e+01
107	2.000000000000000000e+01
108	0.000000000000000000e+00
109	0.000000000000000000e+00
110	0.000000000000000000e+00
111	0.000000000000000000e+00
112	0.000000000000000000e+00
113	0.000000000000000000e+00
114	0.000000000000000000e+00
115	0.000000000000000000e+00
116	1.000000000000000000e+00
117	1.000000000000000000e+00
118	0.000000000000000000e+00
119	0.000000000000000000e+00
120	0.000000000000000000e+00
121	0.000000000000000000e+00
122	0.000000000000000000e+00
123	0.000000000000000000e+00
124	0.000000000000000000e+00
125	0.000000000000000000e+00
126	0.000000000000000000e+00
127	0.000000000000000000e+00
128	0.000000000000000000e+00
129	0.000000000000000000e+00
130	0.000000000000000000e+00
131	0.000000000000000000e+00
132	0.000000000000000000e+00
133	0.000000000000000000e+00
134	0.000000000000000000e+00
135	0.000000000000000000e+00
136	0.000000000000000000e+00
137	0.000000000000000000e+00
138	0.000000000000000000e+00
139	0.000000000000000000e+00
140	0.000000000000000000e+00
141	0.000000000000000000e+00
142	0.000000000000000000e+00
143	0.000000000000000000e+00
144	0.000000000000000000e+00
145	0.000000000000000000e+00
146	0.000000000000000000e+00
147	0.000000000000000000e+00
148	0.000000000000000000e+00
149	0.000000000000000000e+00
150	0.000000000000000000e+00
151	0.000000000000000000e+00
152	2.000000000000000000e+00
153	2.000000000000000000e+00
154	0.000000000000000000e+00
155	0.000000000000000000e+00
156	0.000000000000000000e+00
157	0.000000000000000000e+00
158	1.000000000000000000e+00
159	1.000000000000000000e+00
160	0.000000000000000000e+00
161	1.850000000000000000e+02
162	2.500000000000000000e+02
163	7.400000000000000000e+01
164	9.000000000000000000e+00
165	8.000000000000000000e+00
166	4.300000000000000000e+01
167	4.100000000000000000e+01
168	4.120000000000000000e+02
169	4.240000000000000000e+02
170	1.800000000000000000e+01
171	1.000000000000000000e+00
172	1.000000000000000000e+00
173	2.500000000000000000e+01
174	2.500000000000000000e+01
175	9.000000000000000000e+00
176	2.300000000000000000e+01
177	2.000000000000000000e+01
178	6.000000000000000000e+00
179	3.470000000000000000e+02
180	3.470000000000000000e+02
181	1.100000000000000000e+01
182	1.100000000000000000e+01
183	1.000000000000000000e+00
184	1.000000000000000000e+00
185	1.800000000000000000e+01
186	1.800000000000000000e+01
187	2.000000000000000000e+00
188	2.000000000000000000e+00
189	9.000000000000000000e+00
190	3.300000000000000000e+01
191	2.400000000000000000e+01
192	1.000000000000000000e+01
193	1.900000000000000000e+01
194	1.000000000000000000e+01
195	1.200000000000000000e+02
196	1.190000000000000000e+02
197	6.000000000000000000e+00
198	6.000000000000000000e+00
199	0.000000000000000000e+00
200	0.000000000000000000e+00
201	0.000000000000000000e+00
202	8.000000000000000000e+00
203	2.300000000000000000e+01
204	4.400000000000000000e+01
205	4.900000000000000000e+01
206	2.000000000000000000e+01
207	1.000000000000000000e+00
208	1.000000000000000000e+00
209	0.000000000000000000e+00
210	0.000000000000000000e+00
211	2.600000000000000000e+01
212	2.600000000000000000e+01
213	0.000000000000000000e+00
214	0.000000000000000000e+00
215	2.400000000000000000e+01
216	2.400000000000000000e+01
217	0.000000000000000000e+00
218	0.000000000000000000e+00
219	2.500000000000000000e+01
220	2.500000000000000000e+01
221	0.000000000000000000e+00
222	1.000000000000000000e+00
223	1.000000000000000000e+00
224	1.000000000000000000e+00
225	2.000000000000000000e+00
226	1.000000000000000000e+00
227	0.000000000000000000e+00
228	2.000000000000000000e+00
229	2.000000000000000000e+00
230	0.000000000000000000e+00
231	1.000000000000000000e+00
232	1.000000000000000000e+00
233	0.000000000000000000e+00
234	0.000000000000000000e+00
235	0.000000000000000000e+00
236	1.000000000000000000e+00
237	1.000000000000000000e+00
238	1.000000000000000000e+01
239	1.000000000000000000e+01
240	0.000000000000000000e+00
241	1.000000000000000000e+00
242	1.000000000000000000e+00
243	2.100000000000000000e+01
244	2.100000000000000000e+01
245	0.000000000000000000e+00
246	1.000000000000000000e+00
247	1.000000000000000000e+00
248	0.000000000000000000e+00
249	0.000000000000000000e+00
250	4.000000000000000000e+00
251	4.000000000000000000e+00
252	0.000000000000000000e+00
253	0.000000000000000000e+00
254	1.400000000000000000e+01
