# amplicon position	effect
1	1.000000000000000000e+00
2	0.000000000000000000e+00
3	0.000000000000000000e+00
4	0.000000000000000000e+00
5	0.000000000000000000e+00
6	0.000000000000000000e+00
7	0.000000000000000000e+00
8	0.000000000000000000e+00
9	0.000000000000000000e+00
10	0.000000000000000000e+00
11	0.000000000000000000e+00
12	0.000000000000000000e+00
13	3.000000000000000000e+00
14	0.000000000000000000e+00
15	3.000000000000000000e+00
16	6.000000000000000000e+00
17	0.000000000000000000e+00
18	1.800000000000000000e+01
19	0.000000000000000000e+00
20	0.000000000000000000e+00
21	0.000000000000000000e+00
22	1.000000000000000000e+00
23	1.000000000000000000e+00
24	1.000000000000000000e+00
25	0.000000000000000000e+00
26	0.000000000000000000e+00
27	0.000000000000000000e+00
28	1.000000000000000000e+00
29	0.000000000000000000e+00
30	0.000000000000000000e+00
31	0.000000000000000000e+00
32	2.000000000000000000e+00
33	3.000000000000000000e+00
34	1.000000000000000000e+00
35	0.000000000000000000e+00
36	0.000000000000000000e+00
37	0.000000000000000000e+00
38	3.000000000000000000e+00
39	1.000000000000000000e+00
40	1.000000000000000000e+00
41	0.000000000000000000e+00
42	1.000000000000000000e+00
43	0.000000000000000000e+00
44	1.000000000000000000e+00
45	0.000000000000000000e+00
46	0.000000000000000000e+00
47	2.000000000000000000e+00
48	0.000000000000000000e+00
49	0.000000000000000000e+00
50	1.000000000000000000e+00
51	2.000000000000000000e+00
52	0.000000000000000000e+00
53	2.000000000000000000e+00
54	1.000000000000000000e+00
55	0.000000000000000000e+00
56	0.000000000000000000e+00
57	1.000000000000000000e+00
58	0.000000000000000000e+00
59	0.000000000000000000e+00
60	0.000000000000000000e+00
61	1.000000000000000000e+00
62	0.000000000000000000e+00
63	0.000000000000000000e+00
64	0.000000000000000000e+00
65	1.000000000000000000e+00
66	0.000000000000000000e+00
67	3.000000000000000000e+00
68	1.000000000000000000e+00
69	1.000000000000000000e+00
70	1.000000000000000000e+00
71	3.000000000000000000e+00
72	0.000000000000000000e+00
73	1.000000000000000000e+00
74	0.000000000000000000e+00
75	0.000000000000000000e+00
76	1.000000000000000000e+00
77	0.000000000000000000e+00
78	0.000000000000000000e+00
79	2.000000000000000000e+00
80	5.000000000000000000e+00
81	0.000000000000000000e+00
82	2.000000000000000000e+00
83	0.000000000000000000e+00
84	5.000000000000000000e+00
85	1.000000000000000000e+00
86	1.000000000000000000e+00
87	4.000000000000000000e+00
88	7.000000000000000000e+00
89	1.000000000000000000e+00
90	3.000000000000000000e+00
91	0.000000000000000000e+00
92	1.000000000000000000e+00
93	2.000000000000000000e+00
94	2.000000000000000000e+00
95	1.000000000000000000e+00
96	0.000000000000000000e+00
97	2.000000000000000000e+00
98	2.000000000000000000e+00
99	0.000000000000000000e+00
100	0.000000000000000000e+00
101	1.000000000000000000e+00
102	1.000000000000000000e+00
103	1.000000000000000000e+00
104	4.000000000000000000e+00
105	0.000000000000000000e+00
106	1.000000000000000000e+00
107	0.000000000000000000e+00
108	0.000000000000000000e+00
109	0.000000000000000000e+00
110	3.000000000000000000e+00
111	1.000000000000000000e+00
112	2.000000000000000000e+00
113	0.000000000000000000e+00
114	4.500000000000000000e+01
115	1.000000000000000000e+00
116	1.000000000000000000e+00
117	0.000000000000000000e+00
118	1.000000000000000000e+00
119	0.000000000000000000e+00
120	0.000000000000000000e+00
121	0.000000000000000000e+00
122	1.000000000000000000e+00
123	0.000000000000000000e+00
124	0.000000000000000000e+00
125	0.000000000000000000e+00
126	0.000000000000000000e+00
127	4.500000000000000000e+01
128	0.000000000000000000e+00
129	4.800000000000000000e+01
130	1.000000000000000000e+00
131	0.000000000000000000e+00
132	0.000000000000000000e+00
133	0.000000000000000000e+00
134	2.000000000000000000e+00
135	1.000000000000000000e+00
136	2.000000000000000000e+00
137	1.000000000000000000e+00
138	1.000000000000000000e+00
139	0.000000000000000000e+00
140	0.000000000000000000e+00
141	1.000000000000000000e+00
142	2.000000000000000000e+00
143	1.000000000000000000e+00
144	1.000000000000000000e+00
145	2.000000000000000000e+00
146	2.000000000000000000e+00
147	1.000000000000000000e+00
148	3.000000000000000000e+00
149	1.000000000000000000e+00
150	4.600000000000000000e+01
151	1.000000000000000000e+00
152	0.000000000000000000e+00
153	1.000000000000000000e+00
154	3.000000000000000000e+00
155	1.700000000000000000e+01
156	1.000000000000000000e+01
157	1.000000000000000000e+00
158	3.000000000000000000e+00
159	7.000000000000000000e+00
160	4.000000000000000000e+00
161	2.000000000000000000e+00
162	4.970000000000000000e+02
163	4.710000000000000000e+02
164	3.000000000000000000e+00
165	1.700000000000000000e+01
166	1.000000000000000000e+01
167	4.140000000000000000e+02
168	1.500000000000000000e+01
169	2.000000000000000000e+01
170	2.000000000000000000e+01
171	1.800000000000000000e+01
172	1.300000000000000000e+01
173	3.000000000000000000e+00
174	0.000000000000000000e+00
175	1.600000000000000000e+01
176	3.200000000000000000e+01
177	6.000000000000000000e+00
178	5.000000000000000000e+00
179	2.000000000000000000e+00
180	1.900000000000000000e+01
181	8.000000000000000000e+00
182	2.400000000000000000e+01
183	8.000000000000000000e+00
184	1.700000000000000000e+01
185	8.000000000000000000e+00
186	1.100000000000000000e+01
187	2.300000000000000000e+01
188	3.000000000000000000e+00
189	1.500000000000000000e+01
190	2.000000000000000000e+00
191	2.480000000000000000e+02
192	1.000000000000000000e+01
193	7.000000000000000000e+00
194	8.300000000000000000e+01
195	9.000000000000000000e+01
196	1.030000000000000000e+02
197	1.830000000000000000e+02
198	1.750000000000000000e+02
199	1.060000000000000000e+02
200	8.800000000000000000e+01
201	9.000000000000000000e+00
202	1.000000000000000000e+01
203	8.400000000000000000e+01
204	6.000000000000000000e+00
205	7.000000000000000000e+00
206	2.000000000000000000e+00
207	4.000000000000000000e+00
208	2.000000000000000000e+00
209	2.700000000000000000e+01
210	2.800000000000000000e+01
211	3.000000000000000000e+00
212	2.000000000000000000e+00
213	5.000000000000000000e+00
214	2.000000000000000000e+00
215	2.000000000000000000e+00
216	1.000000000000000000e+00
217	2.000000000000000000e+00
218	0.000000000000000000e+00
219	2.000000000000000000e+00
220	2.000000000000000000e+00
221	3.000000000000000000e+00
222	2.600000000000000000e+01
223	1.000000000000000000e+00
224	1.000000000000000000e+00
225	2.800000000000000000e+01
226	0.000000000000000000e+00
227	2.000000000000000000e+00
228	1.000000000000000000e+00
229	2.000000000000000000e+00
230	5.000000000000000000e+00
231	3.000000000000000000e+00
232	2.000000000000000000e+00
233	3.000000000000000000e+00
234	3.000000000000000000e+00
235	1.000000000000000000e+00
236	3.000000000000000000e+00
237	3.000000000000000000e+00
238	0.000000000000000000e+00
239	1.600000000000000000e+01
240	1.000000000000000000e+00
241	5.000000000000000000e+00
242	3.000000000000000000e+00
243	1.000000000000000000e+00
244	6.000000000000000000e+00
245	6.000000000000000000e+00
246	1.000000000000000000e+00
247	1.900000000000000000e+01
248	1.500000000000000000e+01
249	1.000000000000000000e+00
250	5.000000000000000000e+00
251	1.100000000000000000e+01
252	2.000000000000000000e+00
253	3.000000000000000000e+00
254	3.000000000000000000e+00
