# amplicon position	effect
1	3.749333333333333407e+00
2	0.000000000000000000e+00
3	0.000000000000000000e+00
4	0.000000000000000000e+00
5	0.000000000000000000e+00
6	1.000000000000000000e+00
7	1.000000000000000000e+00
8	1.000000000000000000e+00
9	0.000000000000000000e+00
10	0.000000000000000000e+00
11	1.000000000000000000e+00
12	1.000000000000000000e+00
13	0.000000000000000000e+00
14	0.000000000000000000e+00
15	0.000000000000000000e+00
16	6.666666666666666297e-01
17	6.666666666666666297e-01
18	0.000000000000000000e+00
19	0.000000000000000000e+00
20	0.000000000000000000e+00
21	0.000000000000000000e+00
22	0.000000000000000000e+00
23	0.000000000000000000e+00
24	0.000000000000000000e+00
25	0.000000000000000000e+00
26	0.000000000000000000e+00
27	0.000000000000000000e+00
28	0.000000000000000000e+00
29	0.000000000000000000e+00
30	0.000000000000000000e+00
31	0.000000000000000000e+00
32	0.000000000000000000e+00
33	0.000000000000000000e+00
34	0.000000000000000000e+00
35	0.000000000000000000e+00
36	0.000000000000000000e+00
37	0.000000000000000000e+00
38	0.000000000000000000e+00
39	0.000000000000000000e+00
40	0.000000000000000000e+00
41	0.000000000000000000e+00
42	0.000000000000000000e+00
43	0.000000000000000000e+00
44	0.000000000000000000e+00
45	0.000000000000000000e+00
46	0.000000000000000000e+00
47	0.000000000000000000e+00
48	0.000000000000000000e+00
49	0.000000000000000000e+00
50	0.000000000000000000e+00
51	0.000000000000000000e+00
52	0.000000000000000000e+00
53	0.000000000000000000e+00
54	0.000000000000000000e+00
55	0.000000000000000000e+00
56	0.000000000000000000e+00
57	0.000000000000000000e+00
58	0.000000000000000000e+00
59	0.000000000000000000e+00
60	0.000000000000000000e+00
61	0.000000000000000000e+00
62	0.000000000000000000e+00
63	0.000000000000000000e+00
64	0.000000000000000000e+00
65	0.000000000000000000e+00
66	0.000000000000000000e+00
67	0.000000000000000000e+00
68	0.000000000000000000e+00
69	0.000000000000000000e+00
70	0.000000000000000000e+00
71	0.000000000000000000e+00
72	0.000000000000000000e+00
73	0.000000000000000000e+00
74	0.000000000000000000e+00
75	0.000000000000000000e+00
76	0.000000000000000000e+00
77	0.000000000000000000e+00
78	0.000000000000000000e+00
79	0.000000000000000000e+00
80	0.000000000000000000e+00
81	0.000000000000000000e+00
82	0.000000000000000000e+00
83	0.000000000000000000e+00
84	0.000000000000000000e+00
85	0.000000000000000000e+00
86	0.000000000000000000e+00
87	0.000000000000000000e+00
88	0.000000000000000000e+00
89	0.000000000000000000e+00
90	0.000000000000000000e+00
91	0.000000000000000000e+00
92	0.000000000000000000e+00
93	0.000000000000000000e+00
94	0.000000000000000000e+00
95	0.000000000000000000e+00
96	0.000000000000000000e+00
97	0.000000000000000000e+00
98	0.000000000000000000e+00
99	0.000000000000000000e+00
100	0.000000000000000000e+00
101	0.000000000000000000e+00
102	0.000000000000000000e+00
103	0.000000000000000000e+00
104	0.000000000000000000e+00
105	0.000000000000000000e+00
106	2.251020408163265429e+01
107	2.251020408163265429e+01
108	0.000000000000000000e+00
109	0.000000000000000000e+00
110	0.000000000000000000e+00
111	0.000000000000000000e+00
112	0.000000000000000000e+00
113	0.000000000000000000e+00
114	3.533333333333333570e+01
115	3.542105263157894512e+01
116	1.850000000000000000e+01
117	0.000000000000000000e+00
118	0.000000000000000000e+00
119	0.000000000000000000e+00
120	0.000000000000000000e+00
121	0.000000000000000000e+00
122	0.000000000000000000e+00
123	0.000000000000000000e+00
124	0.000000000000000000e+00
125	0.000000000000000000e+00
126	0.000000000000000000e+00
127	0.000000000000000000e+00
128	0.000000000000000000e+00
129	0.000000000000000000e+00
130	0.000000000000000000e+00
131	0.000000000000000000e+00
132	0.000000000000000000e+00
133	0.000000000000000000e+00
134	0.000000000000000000e+00
135	0.000000000000000000e+00
136	0.000000000000000000e+00
137	0.000000000000000000e+00
138	0.000000000000000000e+00
139	0.000000000000000000e+00
140	0.000000000000000000e+00
141	0.000000000000000000e+00
142	0.000000000000000000e+00
143	0.000000000000000000e+00
144	1.000000000000000000e+00
145	1.000000000000000000e+00
146	0.000000000000000000e+00
147	0.000000000000000000e+00
148	0.000000000000000000e+00
149	0.000000000000000000e+00
150	5.000000000000000000e+00
151	5.000000000000000000e+00
152	3.033333333333333215e+01
153	2.339999999999999858e+01
154	1.300000000000000000e+01
155	0.000000000000000000e+00
156	4.000000000000000000e+00
157	6.000000000000000000e+00
158	6.000000000000000000e+00
159	3.073529411764705799e+01
160	6.878873239436619258e+01
161	8.847983677388381807e+01
162	8.784781570780616278e+01
163	2.855633802816901579e+01
164	2.593442622950819754e+01
165	4.732203389830508655e+01
166	3.017028985507246475e+01
167	2.398755186721991706e+01
168	3.152802893309222476e+00
169	3.129712746858168693e+00
170	2.508510638297872219e+01
171	3.360000000000000142e+01
172	2.375000000000000000e+01
173	1.455294117647058805e+01
174	1.412643678160919514e+01
175	7.217391304347826164e+00
176	5.918918918918919303e+00
177	5.121951219512195230e+00
178	6.652173913043478493e+00
179	1.328899521531100447e+01
180	1.328557784145176690e+01
181	4.433333333333333570e+00
182	1.056842105263157983e+01
183	2.016000000000000014e+01
184	2.083333333333333215e+01
185	1.174603174603174516e+01
186	1.129687500000000000e+01
187	5.833333333333333037e+00
188	1.140000000000000036e+01
189	1.737155963302752326e+01
190	1.447183098591549211e+01
191	6.486725663716813806e+00
192	6.521978021978021900e+00
193	2.665568862275448936e+01
194	2.823003194888178768e+01
195	3.563394683026584797e+00
196	3.605076142131979910e+00
197	6.871794871794871362e+00
198	9.352941176470588758e+00
199	1.664814814814814881e+01
200	5.020000000000000284e+01
201	4.566666666666666430e+00
202	4.986301369863014088e+00
203	2.175788288288288186e+01
204	2.186827033218785843e+01
205	1.668181818181818343e+01
206	2.240243902439024382e+01
207	8.333333333333333925e+00
208	7.200000000000000178e+00
209	6.538461538461538325e+00
210	1.858333333333333215e+01
211	7.562500000000000000e+00
212	1.032812500000000000e+01
213	1.860714285714285765e+01
214	1.000000000000000000e+00
215	1.045454545454545414e+00
216	2.312500000000000000e+00
217	1.012500000000000000e+01
218	5.000000000000000000e+00
219	3.702127659574467877e+00
220	4.519230769230769162e+00
221	9.142857142857142350e+00
222	1.000000000000000000e+00
223	2.666666666666666519e+00
224	2.399999999999999911e+00
225	1.000000000000000000e+00
226	2.181818181818181657e+00
227	6.250000000000000000e+00
228	4.993620414673046071e+00
229	4.985342019543973713e+00
230	6.666666666666666963e+00
231	4.250000000000000000e+00
232	3.444444444444444642e+00
233	2.000000000000000000e+00
234	2.000000000000000000e+00
235	6.000000000000000000e+00
236	4.500000000000000000e+00
237	6.666666666666666297e-01
238	1.906250000000000000e+00
239	1.865671641791044832e+00
240	1.000000000000000000e+00
241	5.000000000000000000e-01
242	6.500000000000000000e+00
243	8.349152542372880959e+00
244	8.358620689655172242e+00
245	8.000000000000000000e+00
246	3.857142857142857206e+00
247	8.333333333333333703e-01
248	1.000000000000000000e+00
249	3.500000000000000000e+00
250	8.722222222222221433e+00
251	5.507288629737609575e+00
252	1.201342281879194562e+00
253	5.000000000000000000e+00
254	3.749333333333333407e+00
