# amplicon position	effect
1	1.784615384615384670e+01
2	1.784615384615384670e+01
3	1.784615384615384670e+01
4	1.784615384615384670e+01
5	1.784615384615384670e+01
6	1.784615384615384670e+01
7	1.784615384615384670e+01
8	1.784615384615384670e+01
9	1.784615384615384670e+01
10	1.784615384615384670e+01
11	1.784615384615384670e+01
12	1.784615384615384670e+01
13	1.784615384615384670e+01
14	1.784615384615384670e+01
15	1.784615384615384670e+01
16	1.784615384615384670e+01
17	1.784615384615384670e+01
18	1.784615384615384670e+01
19	1.784615384615384670e+01
20	1.784615384615384670e+01
21	1.784615384615384670e+01
22	2.200000000000000000e+01
23	0.000000000000000000e+00
24	0.000000000000000000e+00
25	0.000000000000000000e+00
26	0.000000000000000000e+00
27	0.000000000000000000e+00
28	1.000000000000000000e+00
29	0.000000000000000000e+00
30	0.000000000000000000e+00
31	0.000000000000000000e+00
32	0.000000000000000000e+00
33	0.000000000000000000e+00
34	0.000000000000000000e+00
35	0.000000000000000000e+00
36	0.000000000000000000e+00
37	0.000000000000000000e+00
38	0.000000000000000000e+00
39	0.000000000000000000e+00
40	1.000000000000000000e+00
41	0.000000000000000000e+00
42	0.000000000000000000e+00
43	0.000000000000000000e+00
44	0.000000000000000000e+00
45	0.000000000000000000e+00
46	0.000000000000000000e+00
47	0.000000000000000000e+00
48	0.000000000000000000e+00
49	0.000000000000000000e+00
50	0.000000000000000000e+00
51	0.000000000000000000e+00
52	0.000000000000000000e+00
53	0.000000000000000000e+00
54	0.000000000000000000e+00
55	0.000000000000000000e+00
56	0.000000000000000000e+00
57	0.000000000000000000e+00
58	0.000000000000000000e+00
59	0.000000000000000000e+00
60	0.000000000000000000e+00
61	0.000000000000000000e+00
62	0.000000000000000000e+00
63	0.000000000000000000e+00
64	0.000000000000000000e+00
65	0.000000000000000000e+00
66	0.000000000000000000e+00
67	0.000000000000000000e+00
68	0.000000000000000000e+00
69	0.000000000000000000e+00
70	0.000000000000000000e+00
71	0.000000000000000000e+00
72	0.000000000000000000e+00
73	0.000000000000000000e+00
74	0.000000000000000000e+00
75	0.000000000000000000e+00
76	0.000000000000000000e+00
77	0.000000000000000000e+00
78	0.000000000000000000e+00
79	0.000000000000000000e+00
80	0.000000000000000000e+00
81	0.000000000000000000e+00
82	0.000000000000000000e+00
83	0.000000000000000000e+00
84	0.000000000000000000e+00
85	0.000000000000000000e+00
86	0.000000000000000000e+00
87	0.000000000000000000e+00
88	0.000000000000000000e+00
89	0.000000000000000000e+00
90	0.000000000000000000e+00
91	0.000000000000000000e+00
92	0.000000000000000000e+00
93	0.000000000000000000e+00
94	0.000000000000000000e+00
95	0.000000000000000000e+00
96	0.000000000000000000e+00
97	0.000000000000000000e+00
98	0.000000000000000000e+00
99	0.000000000000000000e+00
100	0.000000000000000000e+00
101	0.000000000000000000e+00
102	0.000000000000000000e+00
103	0.000000000000000000e+00
104	0.000000000000000000e+00
105	0.000000000000000000e+00
106	0.000000000000000000e+00
107	0.000000000000000000e+00
108	0.000000000000000000e+00
109	0.000000000000000000e+00
110	0.000000000000000000e+00
111	0.000000000000000000e+00
112	0.000000000000000000e+00
113	0.000000000000000000e+00
114	0.000000000000000000e+00
115	0.000000000000000000e+00
116	0.000000000000000000e+00
117	0.000000000000000000e+00
118	0.000000000000000000e+00
119	0.000000000000000000e+00
120	0.000000000000000000e+00
121	0.000000000000000000e+00
122	0.000000000000000000e+00
123	0.000000000000000000e+00
124	0.000000000000000000e+00
125	0.000000000000000000e+00
126	0.000000000000000000e+00
127	0.000000000000000000e+00
128	0.000000000000000000e+00
129	5.600000000000000000e+01
130	5.600000000000000000e+01
131	5.600000000000000000e+01
132	5.600000000000000000e+01
133	5.600000000000000000e+01
134	5.600000000000000000e+01
135	5.600000000000000000e+01
136	5.600000000000000000e+01
137	5.600000000000000000e+01
138	3.766666666666666430e+01
139	5.600000000000000000e+01
140	5.600000000000000000e+01
141	5.600000000000000000e+01
142	5.600000000000000000e+01
143	5.600000000000000000e+01
144	5.600000000000000000e+01
145	5.600000000000000000e+01
146	5.600000000000000000e+01
147	5.600000000000000000e+01
148	5.600000000000000000e+01
149	5.600000000000000000e+01
150	5.600000000000000000e+01
151	5.600000000000000000e+01
152	5.600000000000000000e+01
153	5.600000000000000000e+01
154	5.600000000000000000e+01
155	5.600000000000000000e+01
156	5.600000000000000000e+01
157	5.600000000000000000e+01
158	5.600000000000000000e+01
159	5.600000000000000000e+01
160	5.600000000000000000e+01
161	5.600000000000000000e+01
162	5.600000000000000000e+01
163	5.600000000000000000e+01
164	5.600000000000000000e+01
165	5.600000000000000000e+01
166	5.600000000000000000e+01
167	5.600000000000000000e+01
168	5.600000000000000000e+01
169	5.500000000000000000e+01
170	5.500000000000000000e+01
171	5.500000000000000000e+01
172	5.500000000000000000e+01
173	5.500000000000000000e+01
174	5.500000000000000000e+01
175	5.500000000000000000e+01
176	5.500000000000000000e+01
177	5.500000000000000000e+01
178	5.500000000000000000e+01
179	5.500000000000000000e+01
180	5.700000000000000000e+01
181	5.700000000000000000e+01
182	5.700000000000000000e+01
183	5.700000000000000000e+01
184	5.700000000000000000e+01
185	5.700000000000000000e+01
186	5.700000000000000000e+01
187	5.700000000000000000e+01
188	5.700000000000000000e+01
189	5.700000000000000000e+01
190	5.300000000000000000e+01
191	5.300000000000000000e+01
192	5.300000000000000000e+01
193	5.300000000000000000e+01
194	5.300000000000000000e+01
195	5.300000000000000000e+01
196	5.300000000000000000e+01
197	5.300000000000000000e+01
198	5.300000000000000000e+01
199	5.300000000000000000e+01
200	5.300000000000000000e+01
201	5.300000000000000000e+01
202	5.300000000000000000e+01
203	5.300000000000000000e+01
204	5.300000000000000000e+01
205	5.300000000000000000e+01
206	5.300000000000000000e+01
207	5.300000000000000000e+01
208	5.300000000000000000e+01
209	5.300000000000000000e+01
210	5.300000000000000000e+01
211	5.300000000000000000e+01
212	5.300000000000000000e+01
213	5.300000000000000000e+01
214	5.300000000000000000e+01
215	5.300000000000000000e+01
216	5.300000000000000000e+01
217	5.300000000000000000e+01
218	5.300000000000000000e+01
219	5.300000000000000000e+01
220	5.300000000000000000e+01
221	5.300000000000000000e+01
222	0.000000000000000000e+00
223	0.000000000000000000e+00
224	0.000000000000000000e+00
225	0.000000000000000000e+00
226	0.000000000000000000e+00
227	0.000000000000000000e+00
228	0.000000000000000000e+00
229	0.000000000000000000e+00
230	0.000000000000000000e+00
231	0.000000000000000000e+00
232	0.000000000000000000e+00
233	0.000000000000000000e+00
234	0.000000000000000000e+00
235	0.000000000000000000e+00
236	0.000000000000000000e+00
237	0.000000000000000000e+00
238	0.000000000000000000e+00
239	0.000000000000000000e+00
240	0.000000000000000000e+00
241	0.000000000000000000e+00
242	0.000000000000000000e+00
243	0.000000000000000000e+00
244	0.000000000000000000e+00
245	0.000000000000000000e+00
246	0.000000000000000000e+00
247	0.000000000000000000e+00
248	0.000000000000000000e+00
249	0.000000000000000000e+00
250	0.000000000000000000e+00
251	0.000000000000000000e+00
252	0.000000000000000000e+00
253	0.000000000000000000e+00
254	0.000000000000000000e+00
255	0.000000000000000000e+00
256	0.000000000000000000e+00
257	0.000000000000000000e+00
258	2.000000000000000000e+00
259	2.000000000000000000e+00
260	0.000000000000000000e+00
261	0.000000000000000000e+00
262	0.000000000000000000e+00
263	0.000000000000000000e+00
264	0.000000000000000000e+00
265	0.000000000000000000e+00
266	0.000000000000000000e+00
267	0.000000000000000000e+00
268	0.000000000000000000e+00
269	0.000000000000000000e+00
270	0.000000000000000000e+00
271	0.000000000000000000e+00
